0  69180177.33466999
1  28320914.58586
2  57861493.179479994
3  38423082.94412
4  6934947.32715
5  12099468.743080003
6  53868699.83352999
7  10111107.511209998
8  38445322.66021999
9  14173479.458410006
10  42947159.12261001
11  48608632.55263999
12  8700771.802220002
13  11120478.198060002
14  7564446.146709999
15  13400345.564230004
16  9037984.17338
17  12182191.591479996
18  10663706.198459998
19  14997881.11814
20  12703919.372580001
21  8518126.263160001
22  18901587.305260003
23  13283919.198090002
24  10697098.48093
25  9529724.905469995
26  7719841.818269997
27  10147944.097999997
28  8186477.675419999
29  8885301.365920005
30  10667112.49661
31  9082671.845640006
32  8267770.427500002
33  8843508.480069999
34  9171744.257619997
35  7579012.113720001
36  8559201.14624
37  10495471.474959997
38  20997483.582840003
39  8002935.19693
40  12390152.180119995
41  22391006.62164999
42  15207762.142640004
43  8589111.561649999
44  11355402.331599997
45  9030174.60596
46  8599966.854979996
47  12400088.961510003
48  11170766.441959998
49  8452477.90415
50  8500785.416969996
51  11470756.757189998
52  12563505.531140007
53  9022736.954689996
