0  146846122.26434
1  52001035.65007001
2  125060590.66573
3  26914280.312330008
4  27431256.04472
5  14926531.933999998
6  75709665.64389
7  57435587.797669984
8  52026327.16054
9  21902581.38067
10  12274356.328940004
11  11669049.652670002
12  12861674.856830005
13  15390427.69896
14  14404554.66009
15  23149697.02217
16  12400573.433370003
17  13083660.970289998
18  11977622.368689999
19  12093473.242620004
20  16249928.529100005
21  16519246.69742
22  18418883.584039997
23  15517525.934210008
24  21967338.58737
25  11141121.724550007
26  12591476.477930006
27  12209726.968630003
28  27157013.587939996
29  14902908.828810008
30  11844415.96859
31  11731458.889970006
32  12379634.522990005
33  18505354.897870008
34  15543885.555500006
35  22782053.384000003
36  21490162.00273001
37  16023881.059670003
38  17983951.145340003
39  12412590.778580004
40  13928063.972369993
41  17900666.645449996
42  13148039.36736001
43  11299156.94783
44  13155014.047330003
45  11267165.035589999
46  13140922.263200004
47  18435516.010700006
48  11957631.560959999
49  12981866.869160002
50  14605951.173370002
51  12768656.525490003
52  13068689.231920004
53  14270160.83786
