0  4811816.929340001
1  6670709.0637300005
2  11534183.49849
3  28203067.140410002
4  4006623.188730001
5  3153149.16056
6  15128198.513309998
7  3654333.970119999
8  5241906.376849999
9  6780598.201680003
10  13419861.115740001
11  4147029.2164999996
12  4520881.574559999
13  5142811.295340001
14  5140898.526330001
15  3366408.8213500003
16  4045829.0365000004
17  12374620.589420004
18  8562383.218619997
19  8750630.05887
20  3494871.7781100012
21  3644868.2762999996
22  4358763.36823
23  14344079.069630006
24  4125159.9701099996
25  3300923.878390001
26  3408522.5527500007
27  3273137.3626699997
28  11123148.032830002
29  3903265.591680001
30  8925947.55095
31  4319044.71035
32  10558848.30191
33  3389267.2990999995
34  5246573.86382
35  5202253.78957
36  4718801.626340002
37  3175114.295709999
38  5985233.1034499975
39  4575261.13068
40  6083067.39565
41  9005142.376959998
42  10843708.331629999
43  3827195.4757099994
44  3522528.9083
45  3330569.125740002
46  7958155.453139999
47  3785988.6309599997
48  3271383.9201600007
49  7566855.97072
50  4711930.91531
51  3459879.2543100007
52  4595722.625799999
53  4638410.60552
